       929         2        52         0
-1.89000000E+00-1.89000000E+00-1.89000000E+00-1.89000000E+00-1.89000000E+00-1.89000000E+00-1.89000000E+00-1.89000000E+00
-1.89000000E+00-1.89000000E+00-1.89000000E+00-1.89000000E+00-1.89000000E+00-1.57500000E+00-1.57500000E+00-1.57500000E+00
-1.57500000E+00-1.26000000E+00-1.26000000E+00-1.26000000E+00-1.26000000E+00-9.45000000E-01-9.45000000E-01-9.45000000E-01
-9.45000000E-01-6.30000000E-01-6.30000000E-01-6.30000000E-01-6.30000000E-01-6.30000000E-01-6.30000000E-01-6.30000000E-01
-6.30000000E-01-6.30000000E-01-6.30000000E-01-6.30000000E-01-6.30000000E-01-6.30000000E-01-3.15000000E-01-3.15000000E-01
-3.15000000E-01-3.15000000E-01 0.00000000E+00 0.00000000E+00 0.00000000E+00 0.00000000E+00 3.15000000E-01 3.15000000E-01
 3.15000000E-01 3.15000000E-01 6.30000000E-01 6.30000000E-01 6.30000000E-01 6.30000000E-01 6.30000000E-01 6.30000000E-01
 6.30000000E-01 6.30000000E-01 6.30000000E-01 6.30000000E-01 6.30000000E-01 6.30000000E-01 6.30000000E-01 9.45000000E-01
 9.45000000E-01 9.45000000E-01 9.45000000E-01 1.26000000E+00 1.26000000E+00 1.26000000E+00 1.26000000E+00 1.57500000E+00
 1.57500000E+00 1.57500000E+00 1.57500000E+00 1.89000000E+00 1.89000000E+00 1.89000000E+00 1.89000000E+00 1.89000000E+00
 1.89000000E+00 1.89000000E+00 1.89000000E+00 1.89000000E+00 1.89000000E+00 1.89000000E+00 1.89000000E+00 1.89000000E+00
-1.26000000E+00-1.16220114E+00-1.06440227E+00-9.66603409E-01-9.60586487E-01-9.19757372E-01-8.36487465E-01-1.20707164E+00
-1.15414327E+00-1.10121491E+00-1.09795857E+00-1.07586202E+00-1.03079667E+00-1.26000000E+00-1.26000000E+00-1.26000000E+00
-1.26000000E+00-1.26000000E+00-1.26000000E+00-1.31292836E+00-1.36585673E+00-1.41878509E+00-1.42204143E+00-1.44413798E+00
-1.48920333E+00-1.35779886E+00-1.45559773E+00-1.55339659E+00-1.55941351E+00-1.60024263E+00-1.68351253E+00-1.38778037E+00
-1.51556075E+00-1.64334112E+00-1.65120261E+00-1.70454842E+00-1.81334579E+00-1.39830848E+00-1.53661696E+00-1.67492544E+00
-1.68343465E+00-1.74117574E+00-1.85893717E+00-1.38778037E+00-1.51556075E+00-1.64334112E+00-1.65120261E+00-1.70454842E+00
-1.81334579E+00-1.35779886E+00-1.45559773E+00-1.55339659E+00-1.55941351E+00-1.60024263E+00-1.68351253E+00-1.31292836E+00
-1.36585673E+00-1.41878509E+00-1.42204143E+00-1.44413798E+00-1.48920333E+00-1.26000000E+00-1.26000000E+00-1.26000000E+00
-1.26000000E+00-1.26000000E+00-1.26000000E+00-1.20707164E+00-1.15414327E+00-1.10121491E+00-1.09795857E+00-1.07586202E+00
-1.03079667E+00-1.16220114E+00-1.06440227E+00-9.66603409E-01-9.60586487E-01-9.19757372E-01-8.36487465E-01-1.13221963E+00
-1.00443925E+00-8.76658881E-01-8.68797393E-01-8.15451583E-01-7.06654207E-01-1.12169152E+00-9.83383042E-01-8.45074563E-01
-8.36565349E-01-7.78824261E-01-6.61062830E-01-1.13221963E+00-1.00443925E+00-8.76658881E-01-8.68797393E-01-8.15451583E-01
-7.06654207E-01 0.00000000E+00 9.77988635E-02 1.95597727E-01 2.93396591E-01 2.99413513E-01 3.40242628E-01 4.23512535E-01
 5.29283635E-02 1.05856727E-01 1.58785091E-01 1.62041425E-01 1.84137983E-01 2.29203332E-01 8.46895181E-18 1.69379036E-17
 2.54068554E-17 2.59278945E-17 2.94635164E-17 3.66743244E-17-5.29283635E-02-1.05856727E-01-1.58785091E-01-1.62041425E-01
-1.84137983E-01-2.29203332E-01-9.77988635E-02-1.95597727E-01-2.93396591E-01-2.99413513E-01-3.40242628E-01-4.23512535E-01
-1.27780373E-01-2.55560746E-01-3.83341119E-01-3.91202607E-01-4.44548417E-01-5.53345793E-01-1.38308479E-01-2.76616958E-01
-4.14925437E-01-4.23434651E-01-4.81175739E-01-5.98937170E-01-1.27780373E-01-2.55560746E-01-3.83341119E-01-3.91202607E-01
-4.44548417E-01-5.53345793E-01-9.77988635E-02-1.95597727E-01-2.93396591E-01-2.99413513E-01-3.40242628E-01-4.23512535E-01
-5.29283635E-02-1.05856727E-01-1.58785091E-01-1.62041425E-01-1.84137983E-01-2.29203332E-01-2.54068554E-17-5.08137109E-17
-7.62205663E-17-7.77836834E-17-8.83905493E-17-1.10022973E-16 5.29283635E-02 1.05856727E-01 1.58785091E-01 1.62041425E-01
 1.84137983E-01 2.29203332E-01 9.77988635E-02 1.95597727E-01 2.93396591E-01 2.99413513E-01 3.40242628E-01 4.23512535E-01
 1.27780373E-01 2.55560746E-01 3.83341119E-01 3.91202607E-01 4.44548417E-01 5.53345793E-01 1.38308479E-01 2.76616958E-01
 4.14925437E-01 4.23434651E-01 4.81175739E-01 5.98937170E-01 1.27780373E-01 2.55560746E-01 3.83341119E-01 3.91202607E-01
 4.44548417E-01 5.53345793E-01 1.26000000E+00 1.35779886E+00 1.45559773E+00 1.55339659E+00 1.55941351E+00 1.60024263E+00
 1.68351253E+00 1.31292836E+00 1.36585673E+00 1.41878509E+00 1.42204143E+00 1.44413798E+00 1.48920333E+00 1.26000000E+00
 1.26000000E+00 1.26000000E+00 1.26000000E+00 1.26000000E+00 1.26000000E+00 1.20707164E+00 1.15414327E+00 1.10121491E+00
 1.09795857E+00 1.07586202E+00 1.03079667E+00 1.16220114E+00 1.06440227E+00 9.66603409E-01 9.60586487E-01 9.19757372E-01
 8.36487465E-01 1.13221963E+00 1.00443925E+00 8.76658881E-01 8.68797393E-01 8.15451583E-01 7.06654207E-01 1.12169152E+00
 9.83383042E-01 8.45074563E-01 8.36565349E-01 7.78824261E-01 6.61062830E-01 1.13221963E+00 1.00443925E+00 8.76658881E-01
 8.68797393E-01 8.15451583E-01 7.06654207E-01 1.16220114E+00 1.06440227E+00 9.66603409E-01 9.60586487E-01 9.19757372E-01
 8.36487465E-01 1.20707164E+00 1.15414327E+00 1.10121491E+00 1.09795857E+00 1.07586202E+00 1.03079667E+00 1.26000000E+00
 1.26000000E+00 1.26000000E+00 1.26000000E+00 1.26000000E+00 1.26000000E+00 1.31292836E+00 1.36585673E+00 1.41878509E+00
 1.42204143E+00 1.44413798E+00 1.48920333E+00 1.35779886E+00 1.45559773E+00 1.55339659E+00 1.55941351E+00 1.60024263E+00
 1.68351253E+00 1.38778037E+00 1.51556075E+00 1.64334112E+00 1.65120261E+00 1.70454842E+00 1.81334579E+00 1.39830848E+00
 1.53661696E+00 1.67492544E+00 1.68343465E+00 1.74117574E+00 1.85893717E+00 1.38778037E+00 1.51556075E+00 1.64334112E+00
 1.65120261E+00 1.70454842E+00 1.81334579E+00-1.26000000E+00-1.16220114E+00-1.06440227E+00-9.66603409E-01-9.60586487E-01
-9.19757372E-01-8.36487465E-01-1.20707164E+00-1.15414327E+00-1.10121491E+00-1.09795857E+00-1.07586202E+00-1.03079667E+00
-1.26000000E+00-1.26000000E+00-1.26000000E+00-1.26000000E+00-1.26000000E+00-1.26000000E+00-1.31292836E+00-1.36585673E+00
-1.41878509E+00-1.42204143E+00-1.44413798E+00-1.48920333E+00-1.35779886E+00-1.45559773E+00-1.55339659E+00-1.55941351E+00
-1.60024263E+00-1.68351253E+00-1.38778037E+00-1.51556075E+00-1.64334112E+00-1.65120261E+00-1.70454842E+00-1.81334579E+00
-1.39830848E+00-1.53661696E+00-1.67492544E+00-1.68343465E+00-1.74117574E+00-1.85893717E+00-1.38778037E+00-1.51556075E+00
-1.64334112E+00-1.65120261E+00-1.70454842E+00-1.81334579E+00-1.35779886E+00-1.45559773E+00-1.55339659E+00-1.55941351E+00
-1.60024263E+00-1.68351253E+00-1.31292836E+00-1.36585673E+00-1.41878509E+00-1.42204143E+00-1.44413798E+00-1.48920333E+00
-1.26000000E+00-1.26000000E+00-1.26000000E+00-1.26000000E+00-1.26000000E+00-1.26000000E+00-1.20707164E+00-1.15414327E+00
-1.10121491E+00-1.09795857E+00-1.07586202E+00-1.03079667E+00-1.16220114E+00-1.06440227E+00-9.66603409E-01-9.60586487E-01
-9.19757372E-01-8.36487465E-01-1.13221963E+00-1.00443925E+00-8.76658881E-01-8.68797393E-01-8.15451583E-01-7.06654207E-01
-1.12169152E+00-9.83383042E-01-8.45074563E-01-8.36565349E-01-7.78824261E-01-6.61062830E-01-1.13221963E+00-1.00443925E+00
-8.76658881E-01-8.68797393E-01-8.15451583E-01-7.06654207E-01 0.00000000E+00 1.33948150E-01 2.67896301E-01 4.01844451E-01
 4.31212762E-01 7.24922166E-02 1.44984433E-01 2.17476650E-01 2.33370665E-01 1.15993212E-17 2.31986424E-17 3.47979636E-17
 3.73411303E-17-7.24922166E-02-1.44984433E-01-2.17476650E-01-2.33370665E-01-1.33948150E-01-2.67896301E-01-4.01844451E-01
-4.31212762E-01-1.75011693E-01-3.50023385E-01-5.25035078E-01-5.63406625E-01-1.89431291E-01-3.78862582E-01-5.68293873E-01
-6.09826937E-01-1.75011693E-01-3.50023385E-01-5.25035078E-01-5.63406625E-01-1.33948150E-01-2.67896301E-01-4.01844451E-01
-4.31212762E-01-7.24922166E-02-1.44984433E-01-2.17476650E-01-2.33370665E-01-3.47979636E-17-6.95959273E-17-1.04393891E-16
-1.12023391E-16 7.24922166E-02 1.44984433E-01 2.17476650E-01 2.33370665E-01 1.33948150E-01 2.67896301E-01 4.01844451E-01
 4.31212762E-01 1.75011693E-01 3.50023385E-01 5.25035078E-01 5.63406625E-01 1.89431291E-01 3.78862582E-01 5.68293873E-01
 6.09826937E-01 1.75011693E-01 3.50023385E-01 5.25035078E-01 5.63406625E-01 1.26000000E+00 1.35779886E+00 1.45559773E+00
 1.55339659E+00 1.55941351E+00 1.60024263E+00 1.68351253E+00 1.31292836E+00 1.36585673E+00 1.41878509E+00 1.42204143E+00
 1.44413798E+00 1.48920333E+00 1.26000000E+00 1.26000000E+00 1.26000000E+00 1.26000000E+00 1.26000000E+00 1.26000000E+00
 1.20707164E+00 1.15414327E+00 1.10121491E+00 1.09795857E+00 1.07586202E+00 1.03079667E+00 1.16220114E+00 1.06440227E+00
 9.66603409E-01 9.60586487E-01 9.19757372E-01 8.36487465E-01 1.13221963E+00 1.00443925E+00 8.76658881E-01 8.68797393E-01
 8.15451583E-01 7.06654207E-01 1.12169152E+00 9.83383042E-01 8.45074563E-01 8.36565349E-01 7.78824261E-01 6.61062830E-01
 1.13221963E+00 1.00443925E+00 8.76658881E-01 8.68797393E-01 8.15451583E-01 7.06654207E-01 1.16220114E+00 1.06440227E+00
 9.66603409E-01 9.60586487E-01 9.19757372E-01 8.36487465E-01 1.20707164E+00 1.15414327E+00 1.10121491E+00 1.09795857E+00
 1.07586202E+00 1.03079667E+00 1.26000000E+00 1.26000000E+00 1.26000000E+00 1.26000000E+00 1.26000000E+00 1.26000000E+00
 1.31292836E+00 1.36585673E+00 1.41878509E+00 1.42204143E+00 1.44413798E+00 1.48920333E+00 1.35779886E+00 1.45559773E+00
 1.55339659E+00 1.55941351E+00 1.60024263E+00 1.68351253E+00 1.38778037E+00 1.51556075E+00 1.64334112E+00 1.65120261E+00
 1.70454842E+00 1.81334579E+00 1.39830848E+00 1.53661696E+00 1.67492544E+00 1.68343465E+00 1.74117574E+00 1.85893717E+00
 1.38778037E+00 1.51556075E+00 1.64334112E+00 1.65120261E+00 1.70454842E+00 1.81334579E+00-1.26000000E+00-1.16220114E+00
-1.06440227E+00-9.66603409E-01-9.60586487E-01-9.19757372E-01-8.36487465E-01-1.20707164E+00-1.15414327E+00-1.10121491E+00
-1.09795857E+00-1.07586202E+00-1.03079667E+00-1.26000000E+00-1.26000000E+00-1.26000000E+00-1.26000000E+00-1.26000000E+00
-1.26000000E+00-1.31292836E+00-1.36585673E+00-1.41878509E+00-1.42204143E+00-1.44413798E+00-1.48920333E+00-1.35779886E+00
-1.45559773E+00-1.55339659E+00-1.55941351E+00-1.60024263E+00-1.68351253E+00-1.38778037E+00-1.51556075E+00-1.64334112E+00
-1.65120261E+00-1.70454842E+00-1.81334579E+00-1.39830848E+00-1.53661696E+00-1.67492544E+00-1.68343465E+00-1.74117574E+00
-1.85893717E+00-1.38778037E+00-1.51556075E+00-1.64334112E+00-1.65120261E+00-1.70454842E+00-1.81334579E+00-1.35779886E+00
-1.45559773E+00-1.55339659E+00-1.55941351E+00-1.60024263E+00-1.68351253E+00-1.31292836E+00-1.36585673E+00-1.41878509E+00
-1.42204143E+00-1.44413798E+00-1.48920333E+00-1.26000000E+00-1.26000000E+00-1.26000000E+00-1.26000000E+00-1.26000000E+00
-1.26000000E+00-1.20707164E+00-1.15414327E+00-1.10121491E+00-1.09795857E+00-1.07586202E+00-1.03079667E+00-1.16220114E+00
-1.06440227E+00-9.66603409E-01-9.60586487E-01-9.19757372E-01-8.36487465E-01-1.13221963E+00-1.00443925E+00-8.76658881E-01
-8.68797393E-01-8.15451583E-01-7.06654207E-01-1.12169152E+00-9.83383042E-01-8.45074563E-01-8.36565349E-01-7.78824261E-01
-6.61062830E-01-1.13221963E+00-1.00443925E+00-8.76658881E-01-8.68797393E-01-8.15451583E-01-7.06654207E-01 0.00000000E+00
 9.77988635E-02 1.95597727E-01 2.93396591E-01 2.99413513E-01 3.40242628E-01 4.23512535E-01 5.29283635E-02 1.05856727E-01
 1.58785091E-01 1.62041425E-01 1.84137983E-01 2.29203332E-01 8.46895181E-18 1.69379036E-17 2.54068554E-17 2.59278945E-17
 2.94635164E-17 3.66743244E-17-5.29283635E-02-1.05856727E-01-1.58785091E-01-1.62041425E-01-1.84137983E-01-2.29203332E-01
-9.77988635E-02-1.95597727E-01-2.93396591E-01-2.99413513E-01-3.40242628E-01-4.23512535E-01-1.27780373E-01-2.55560746E-01
-3.83341119E-01-3.91202607E-01-4.44548417E-01-5.53345793E-01-1.38308479E-01-2.76616958E-01-4.14925437E-01-4.23434651E-01
-4.81175739E-01-5.98937170E-01-1.27780373E-01-2.55560746E-01-3.83341119E-01-3.91202607E-01-4.44548417E-01-5.53345793E-01
-9.77988635E-02-1.95597727E-01-2.93396591E-01-2.99413513E-01-3.40242628E-01-4.23512535E-01-5.29283635E-02-1.05856727E-01
-1.58785091E-01-1.62041425E-01-1.84137983E-01-2.29203332E-01-2.54068554E-17-5.08137109E-17-7.62205663E-17-7.77836834E-17
-8.83905493E-17-1.10022973E-16 5.29283635E-02 1.05856727E-01 1.58785091E-01 1.62041425E-01 1.84137983E-01 2.29203332E-01
 9.77988635E-02 1.95597727E-01 2.93396591E-01 2.99413513E-01 3.40242628E-01 4.23512535E-01 1.27780373E-01 2.55560746E-01
 3.83341119E-01 3.91202607E-01 4.44548417E-01 5.53345793E-01 1.38308479E-01 2.76616958E-01 4.14925437E-01 4.23434651E-01
 4.81175739E-01 5.98937170E-01 1.27780373E-01 2.55560746E-01 3.83341119E-01 3.91202607E-01 4.44548417E-01 5.53345793E-01
 1.26000000E+00 1.35779886E+00 1.45559773E+00 1.55339659E+00 1.55941351E+00 1.60024263E+00 1.68351253E+00 1.31292836E+00
 1.36585673E+00 1.41878509E+00 1.42204143E+00 1.44413798E+00 1.48920333E+00 1.26000000E+00 1.26000000E+00 1.26000000E+00
 1.26000000E+00 1.26000000E+00 1.26000000E+00 1.20707164E+00 1.15414327E+00 1.10121491E+00 1.09795857E+00 1.07586202E+00
 1.03079667E+00 1.16220114E+00 1.06440227E+00 9.66603409E-01 9.60586487E-01 9.19757372E-01 8.36487465E-01 1.13221963E+00
 1.00443925E+00 8.76658881E-01 8.68797393E-01 8.15451583E-01 7.06654207E-01 1.12169152E+00 9.83383042E-01 8.45074563E-01
 8.36565349E-01 7.78824261E-01 6.61062830E-01 1.13221963E+00 1.00443925E+00 8.76658881E-01 8.68797393E-01 8.15451583E-01
 7.06654207E-01 1.16220114E+00 1.06440227E+00 9.66603409E-01 9.60586487E-01 9.19757372E-01 8.36487465E-01 1.20707164E+00
 1.15414327E+00 1.10121491E+00 1.09795857E+00 1.07586202E+00 1.03079667E+00 1.26000000E+00 1.26000000E+00 1.26000000E+00
 1.26000000E+00 1.26000000E+00 1.26000000E+00 1.31292836E+00 1.36585673E+00 1.41878509E+00 1.42204143E+00 1.44413798E+00
 1.48920333E+00 1.35779886E+00 1.45559773E+00 1.55339659E+00 1.55941351E+00 1.60024263E+00 1.68351253E+00 1.38778037E+00
 1.51556075E+00 1.64334112E+00 1.65120261E+00 1.70454842E+00 1.81334579E+00 1.39830848E+00 1.53661696E+00 1.67492544E+00
 1.68343465E+00 1.74117574E+00 1.85893717E+00 1.38778037E+00 1.51556075E+00 1.64334112E+00 1.65120261E+00 1.70454842E+00
 1.81334579E+00-1.89000000E+00-1.57500000E+00-1.26000000E+00-9.45000000E-01-6.30000000E-01-3.15000000E-01 0.00000000E+00
 3.15000000E-01 6.30000000E-01 9.45000000E-01 1.26000000E+00 1.57500000E+00 1.89000000E+00-1.89000000E+00-6.30000000E-01
 6.30000000E-01 1.89000000E+00-1.89000000E+00-6.30000000E-01 6.30000000E-01 1.89000000E+00-1.89000000E+00-6.30000000E-01
 6.30000000E-01 1.89000000E+00-1.89000000E+00-1.57500000E+00-1.26000000E+00-9.45000000E-01-6.30000000E-01-3.15000000E-01
 0.00000000E+00 3.15000000E-01 6.30000000E-01 9.45000000E-01 1.26000000E+00 1.57500000E+00 1.89000000E+00-1.89000000E+00
-6.30000000E-01 6.30000000E-01 1.89000000E+00-1.89000000E+00-6.30000000E-01 6.30000000E-01 1.89000000E+00-1.89000000E+00
-6.30000000E-01 6.30000000E-01 1.89000000E+00-1.89000000E+00-1.57500000E+00-1.26000000E+00-9.45000000E-01-6.30000000E-01
-3.15000000E-01 0.00000000E+00 3.15000000E-01 6.30000000E-01 9.45000000E-01 1.26000000E+00 1.57500000E+00 1.89000000E+00
-1.89000000E+00-6.30000000E-01 6.30000000E-01 1.89000000E+00-1.89000000E+00-6.30000000E-01 6.30000000E-01 1.89000000E+00
-1.89000000E+00-6.30000000E-01 6.30000000E-01 1.89000000E+00-1.89000000E+00-1.57500000E+00-1.26000000E+00-9.45000000E-01
-6.30000000E-01-3.15000000E-01 0.00000000E+00 3.15000000E-01 6.30000000E-01 9.45000000E-01 1.26000000E+00 1.57500000E+00
 1.89000000E+00 1.26000000E+00 1.35779886E+00 1.45559773E+00 1.55339659E+00 1.55941351E+00 1.60024263E+00 1.68351253E+00
 1.38778037E+00 1.51556075E+00 1.64334112E+00 1.65120261E+00 1.70454842E+00 1.81334579E+00 1.39830848E+00 1.53661696E+00
 1.67492544E+00 1.68343465E+00 1.74117574E+00 1.85893717E+00 1.38778037E+00 1.51556075E+00 1.64334112E+00 1.65120261E+00
 1.70454842E+00 1.81334579E+00 1.35779886E+00 1.45559773E+00 1.55339659E+00 1.55941351E+00 1.60024263E+00 1.68351253E+00
 1.31292836E+00 1.36585673E+00 1.41878509E+00 1.42204143E+00 1.44413798E+00 1.48920333E+00 1.26000000E+00 1.26000000E+00
 1.26000000E+00 1.26000000E+00 1.26000000E+00 1.26000000E+00 1.20707164E+00 1.15414327E+00 1.10121491E+00 1.09795857E+00
 1.07586202E+00 1.03079667E+00 1.16220114E+00 1.06440227E+00 9.66603409E-01 9.60586487E-01 9.19757372E-01 8.36487465E-01
 1.13221963E+00 1.00443925E+00 8.76658881E-01 8.68797393E-01 8.15451583E-01 7.06654207E-01 1.12169152E+00 9.83383042E-01
 8.45074563E-01 8.36565349E-01 7.78824261E-01 6.61062830E-01 1.13221963E+00 1.00443925E+00 8.76658881E-01 8.68797393E-01
 8.15451583E-01 7.06654207E-01 1.16220114E+00 1.06440227E+00 9.66603409E-01 9.60586487E-01 9.19757372E-01 8.36487465E-01
 1.20707164E+00 1.15414327E+00 1.10121491E+00 1.09795857E+00 1.07586202E+00 1.03079667E+00 1.26000000E+00 1.26000000E+00
 1.26000000E+00 1.26000000E+00 1.26000000E+00 1.26000000E+00 1.31292836E+00 1.36585673E+00 1.41878509E+00 1.42204143E+00
 1.44413798E+00 1.48920333E+00 1.26000000E+00 1.35779886E+00 1.45559773E+00 1.55339659E+00 1.55941351E+00 1.60024263E+00
 1.68351253E+00 1.38778037E+00 1.51556075E+00 1.64334112E+00 1.65120261E+00 1.70454842E+00 1.81334579E+00 1.39830848E+00
 1.53661696E+00 1.67492544E+00 1.68343465E+00 1.74117574E+00 1.85893717E+00 1.38778037E+00 1.51556075E+00 1.64334112E+00
 1.65120261E+00 1.70454842E+00 1.81334579E+00 1.35779886E+00 1.45559773E+00 1.55339659E+00 1.55941351E+00 1.60024263E+00
 1.68351253E+00 1.31292836E+00 1.36585673E+00 1.41878509E+00 1.42204143E+00 1.44413798E+00 1.48920333E+00 1.26000000E+00
 1.26000000E+00 1.26000000E+00 1.26000000E+00 1.26000000E+00 1.26000000E+00 1.20707164E+00 1.15414327E+00 1.10121491E+00
 1.09795857E+00 1.07586202E+00 1.03079667E+00 1.16220114E+00 1.06440227E+00 9.66603409E-01 9.60586487E-01 9.19757372E-01
 8.36487465E-01 1.13221963E+00 1.00443925E+00 8.76658881E-01 8.68797393E-01 8.15451583E-01 7.06654207E-01 1.12169152E+00
 9.83383042E-01 8.45074563E-01 8.36565349E-01 7.78824261E-01 6.61062830E-01 1.13221963E+00 1.00443925E+00 8.76658881E-01
 8.68797393E-01 8.15451583E-01 7.06654207E-01 1.16220114E+00 1.06440227E+00 9.66603409E-01 9.60586487E-01 9.19757372E-01
 8.36487465E-01 1.20707164E+00 1.15414327E+00 1.10121491E+00 1.09795857E+00 1.07586202E+00 1.03079667E+00 1.26000000E+00
 1.26000000E+00 1.26000000E+00 1.26000000E+00 1.26000000E+00 1.26000000E+00 1.31292836E+00 1.36585673E+00 1.41878509E+00
 1.42204143E+00 1.44413798E+00 1.48920333E+00 1.26000000E+00 1.35779886E+00 1.45559773E+00 1.55339659E+00 1.55941351E+00
 1.60024263E+00 1.68351253E+00 1.38778037E+00 1.51556075E+00 1.64334112E+00 1.65120261E+00 1.70454842E+00 1.81334579E+00
 1.39830848E+00 1.53661696E+00 1.67492544E+00 1.68343465E+00 1.74117574E+00 1.85893717E+00 1.38778037E+00 1.51556075E+00
 1.64334112E+00 1.65120261E+00 1.70454842E+00 1.81334579E+00 1.35779886E+00 1.45559773E+00 1.55339659E+00 1.55941351E+00
 1.60024263E+00 1.68351253E+00 1.31292836E+00 1.36585673E+00 1.41878509E+00 1.42204143E+00 1.44413798E+00 1.48920333E+00
 1.26000000E+00 1.26000000E+00 1.26000000E+00 1.26000000E+00 1.26000000E+00 1.26000000E+00 1.20707164E+00 1.15414327E+00
 1.10121491E+00 1.09795857E+00 1.07586202E+00 1.03079667E+00 1.16220114E+00 1.06440227E+00 9.66603409E-01 9.60586487E-01
 9.19757372E-01 8.36487465E-01 1.13221963E+00 1.00443925E+00 8.76658881E-01 8.68797393E-01 8.15451583E-01 7.06654207E-01
 1.12169152E+00 9.83383042E-01 8.45074563E-01 8.36565349E-01 7.78824261E-01 6.61062830E-01 1.13221963E+00 1.00443925E+00
 8.76658881E-01 8.68797393E-01 8.15451583E-01 7.06654207E-01 1.16220114E+00 1.06440227E+00 9.66603409E-01 9.60586487E-01
 9.19757372E-01 8.36487465E-01 1.20707164E+00 1.15414327E+00 1.10121491E+00 1.09795857E+00 1.07586202E+00 1.03079667E+00
 1.26000000E+00 1.26000000E+00 1.26000000E+00 1.26000000E+00 1.26000000E+00 1.26000000E+00 1.31292836E+00 1.36585673E+00
 1.41878509E+00 1.42204143E+00 1.44413798E+00 1.48920333E+00 0.00000000E+00 9.77988635E-02 1.95597727E-01 2.93396591E-01
 2.99413513E-01 3.40242628E-01 4.23512535E-01 1.27780373E-01 2.55560746E-01 3.83341119E-01 3.91202607E-01 4.44548417E-01
 5.53345793E-01 1.38308479E-01 2.76616958E-01 4.14925437E-01 4.23434651E-01 4.81175739E-01 5.98937170E-01 1.27780373E-01
 2.55560746E-01 3.83341119E-01 3.91202607E-01 4.44548417E-01 5.53345793E-01 9.77988635E-02 1.95597727E-01 2.93396591E-01
 2.99413513E-01 3.40242628E-01 4.23512535E-01 5.29283635E-02 1.05856727E-01 1.58785091E-01 1.62041425E-01 1.84137983E-01
 2.29203332E-01 1.69379036E-17 3.38758073E-17 5.08137109E-17 5.18557889E-17 5.89270329E-17 7.33486488E-17-5.29283635E-02
-1.05856727E-01-1.58785091E-01-1.62041425E-01-1.84137983E-01-2.29203332E-01-9.77988635E-02-1.95597727E-01-2.93396591E-01
-2.99413513E-01-3.40242628E-01-4.23512535E-01-1.27780373E-01-2.55560746E-01-3.83341119E-01-3.91202607E-01-4.44548417E-01
-5.53345793E-01-1.38308479E-01-2.76616958E-01-4.14925437E-01-4.23434651E-01-4.81175739E-01-5.98937170E-01-1.27780373E-01
-2.55560746E-01-3.83341119E-01-3.91202607E-01-4.44548417E-01-5.53345793E-01-9.77988635E-02-1.95597727E-01-2.93396591E-01
-2.99413513E-01-3.40242628E-01-4.23512535E-01-5.29283635E-02-1.05856727E-01-1.58785091E-01-1.62041425E-01-1.84137983E-01
-2.29203332E-01-3.38758073E-17-6.77516145E-17-1.01627422E-16-1.03711578E-16-1.17854066E-16-1.46697298E-16 5.29283635E-02
 1.05856727E-01 1.58785091E-01 1.62041425E-01 1.84137983E-01 2.29203332E-01 0.00000000E+00 1.33948150E-01 2.67896301E-01
 4.01844451E-01 4.31212762E-01 1.75011693E-01 3.50023385E-01 5.25035078E-01 5.63406625E-01 1.89431291E-01 3.78862582E-01
 5.68293873E-01 6.09826937E-01 1.75011693E-01 3.50023385E-01 5.25035078E-01 5.63406625E-01 1.33948150E-01 2.67896301E-01
 4.01844451E-01 4.31212762E-01 7.24922166E-02 1.44984433E-01 2.17476650E-01 2.33370665E-01 2.31986424E-17 4.63972848E-17
 6.95959273E-17 7.46822606E-17-7.24922166E-02-1.44984433E-01-2.17476650E-01-2.33370665E-01-1.33948150E-01-2.67896301E-01
-4.01844451E-01-4.31212762E-01-1.75011693E-01-3.50023385E-01-5.25035078E-01-5.63406625E-01-1.89431291E-01-3.78862582E-01
-5.68293873E-01-6.09826937E-01-1.75011693E-01-3.50023385E-01-5.25035078E-01-5.63406625E-01-1.33948150E-01-2.67896301E-01
-4.01844451E-01-4.31212762E-01-7.24922166E-02-1.44984433E-01-2.17476650E-01-2.33370665E-01-4.63972848E-17-9.27945697E-17
-1.39191855E-16-1.49364521E-16 7.24922166E-02 1.44984433E-01 2.17476650E-01 2.33370665E-01 0.00000000E+00 9.77988635E-02
 1.95597727E-01 2.93396591E-01 2.99413513E-01 3.40242628E-01 4.23512535E-01 1.27780373E-01 2.55560746E-01 3.83341119E-01
 3.91202607E-01 4.44548417E-01 5.53345793E-01 1.38308479E-01 2.76616958E-01 4.14925437E-01 4.23434651E-01 4.81175739E-01
 5.98937170E-01 1.27780373E-01 2.55560746E-01 3.83341119E-01 3.91202607E-01 4.44548417E-01 5.53345793E-01 9.77988635E-02
 1.95597727E-01 2.93396591E-01 2.99413513E-01 3.40242628E-01 4.23512535E-01 5.29283635E-02 1.05856727E-01 1.58785091E-01
 1.62041425E-01 1.84137983E-01 2.29203332E-01 1.69379036E-17 3.38758073E-17 5.08137109E-17 5.18557889E-17 5.89270329E-17
 7.33486488E-17-5.29283635E-02-1.05856727E-01-1.58785091E-01-1.62041425E-01-1.84137983E-01-2.29203332E-01-9.77988635E-02
-1.95597727E-01-2.93396591E-01-2.99413513E-01-3.40242628E-01-4.23512535E-01-1.27780373E-01-2.55560746E-01-3.83341119E-01
-3.91202607E-01-4.44548417E-01-5.53345793E-01-1.38308479E-01-2.76616958E-01-4.14925437E-01-4.23434651E-01-4.81175739E-01
-5.98937170E-01-1.27780373E-01-2.55560746E-01-3.83341119E-01-3.91202607E-01-4.44548417E-01-5.53345793E-01-9.77988635E-02
-1.95597727E-01-2.93396591E-01-2.99413513E-01-3.40242628E-01-4.23512535E-01-5.29283635E-02-1.05856727E-01-1.58785091E-01
-1.62041425E-01-1.84137983E-01-2.29203332E-01-3.38758073E-17-6.77516145E-17-1.01627422E-16-1.03711578E-16-1.17854066E-16
-1.46697298E-16 5.29283635E-02 1.05856727E-01 1.58785091E-01 1.62041425E-01 1.84137983E-01 2.29203332E-01-1.26000000E+00
-1.16220114E+00-1.06440227E+00-9.66603409E-01-9.60586487E-01-9.19757372E-01-8.36487465E-01-1.13221963E+00-1.00443925E+00
-8.76658881E-01-8.68797393E-01-8.15451583E-01-7.06654207E-01-1.12169152E+00-9.83383042E-01-8.45074563E-01-8.36565349E-01
-7.78824261E-01-6.61062830E-01-1.13221963E+00-1.00443925E+00-8.76658881E-01-8.68797393E-01-8.15451583E-01-7.06654207E-01
-1.16220114E+00-1.06440227E+00-9.66603409E-01-9.60586487E-01-9.19757372E-01-8.36487465E-01-1.20707164E+00-1.15414327E+00
-1.10121491E+00-1.09795857E+00-1.07586202E+00-1.03079667E+00-1.26000000E+00-1.26000000E+00-1.26000000E+00-1.26000000E+00
-1.26000000E+00-1.26000000E+00-1.31292836E+00-1.36585673E+00-1.41878509E+00-1.42204143E+00-1.44413798E+00-1.48920333E+00
-1.35779886E+00-1.45559773E+00-1.55339659E+00-1.55941351E+00-1.60024263E+00-1.68351253E+00-1.38778037E+00-1.51556075E+00
-1.64334112E+00-1.65120261E+00-1.70454842E+00-1.81334579E+00-1.39830848E+00-1.53661696E+00-1.67492544E+00-1.68343465E+00
-1.74117574E+00-1.85893717E+00-1.38778037E+00-1.51556075E+00-1.64334112E+00-1.65120261E+00-1.70454842E+00-1.81334579E+00
-1.35779886E+00-1.45559773E+00-1.55339659E+00-1.55941351E+00-1.60024263E+00-1.68351253E+00-1.31292836E+00-1.36585673E+00
-1.41878509E+00-1.42204143E+00-1.44413798E+00-1.48920333E+00-1.26000000E+00-1.26000000E+00-1.26000000E+00-1.26000000E+00
-1.26000000E+00-1.26000000E+00-1.20707164E+00-1.15414327E+00-1.10121491E+00-1.09795857E+00-1.07586202E+00-1.03079667E+00
-1.26000000E+00-1.16220114E+00-1.06440227E+00-9.66603409E-01-9.60586487E-01-9.19757372E-01-8.36487465E-01-1.13221963E+00
-1.00443925E+00-8.76658881E-01-8.68797393E-01-8.15451583E-01-7.06654207E-01-1.12169152E+00-9.83383042E-01-8.45074563E-01
-8.36565349E-01-7.78824261E-01-6.61062830E-01-1.13221963E+00-1.00443925E+00-8.76658881E-01-8.68797393E-01-8.15451583E-01
-7.06654207E-01-1.16220114E+00-1.06440227E+00-9.66603409E-01-9.60586487E-01-9.19757372E-01-8.36487465E-01-1.20707164E+00
-1.15414327E+00-1.10121491E+00-1.09795857E+00-1.07586202E+00-1.03079667E+00-1.26000000E+00-1.26000000E+00-1.26000000E+00
-1.26000000E+00-1.26000000E+00-1.26000000E+00-1.31292836E+00-1.36585673E+00-1.41878509E+00-1.42204143E+00-1.44413798E+00
-1.48920333E+00-1.35779886E+00-1.45559773E+00-1.55339659E+00-1.55941351E+00-1.60024263E+00-1.68351253E+00-1.38778037E+00
-1.51556075E+00-1.64334112E+00-1.65120261E+00-1.70454842E+00-1.81334579E+00-1.39830848E+00-1.53661696E+00-1.67492544E+00
-1.68343465E+00-1.74117574E+00-1.85893717E+00-1.38778037E+00-1.51556075E+00-1.64334112E+00-1.65120261E+00-1.70454842E+00
-1.81334579E+00-1.35779886E+00-1.45559773E+00-1.55339659E+00-1.55941351E+00-1.60024263E+00-1.68351253E+00-1.31292836E+00
-1.36585673E+00-1.41878509E+00-1.42204143E+00-1.44413798E+00-1.48920333E+00-1.26000000E+00-1.26000000E+00-1.26000000E+00
-1.26000000E+00-1.26000000E+00-1.26000000E+00-1.20707164E+00-1.15414327E+00-1.10121491E+00-1.09795857E+00-1.07586202E+00
-1.03079667E+00-1.26000000E+00-1.16220114E+00-1.06440227E+00-9.66603409E-01-9.60586487E-01-9.19757372E-01-8.36487465E-01
-1.13221963E+00-1.00443925E+00-8.76658881E-01-8.68797393E-01-8.15451583E-01-7.06654207E-01-1.12169152E+00-9.83383042E-01
-8.45074563E-01-8.36565349E-01-7.78824261E-01-6.61062830E-01-1.13221963E+00-1.00443925E+00-8.76658881E-01-8.68797393E-01
-8.15451583E-01-7.06654207E-01-1.16220114E+00-1.06440227E+00-9.66603409E-01-9.60586487E-01-9.19757372E-01-8.36487465E-01
-1.20707164E+00-1.15414327E+00-1.10121491E+00-1.09795857E+00-1.07586202E+00-1.03079667E+00-1.26000000E+00-1.26000000E+00
-1.26000000E+00-1.26000000E+00-1.26000000E+00-1.26000000E+00-1.31292836E+00-1.36585673E+00-1.41878509E+00-1.42204143E+00
-1.44413798E+00-1.48920333E+00-1.35779886E+00-1.45559773E+00-1.55339659E+00-1.55941351E+00-1.60024263E+00-1.68351253E+00
-1.38778037E+00-1.51556075E+00-1.64334112E+00-1.65120261E+00-1.70454842E+00-1.81334579E+00-1.39830848E+00-1.53661696E+00
-1.67492544E+00-1.68343465E+00-1.74117574E+00-1.85893717E+00-1.38778037E+00-1.51556075E+00-1.64334112E+00-1.65120261E+00
-1.70454842E+00-1.81334579E+00-1.35779886E+00-1.45559773E+00-1.55339659E+00-1.55941351E+00-1.60024263E+00-1.68351253E+00
-1.31292836E+00-1.36585673E+00-1.41878509E+00-1.42204143E+00-1.44413798E+00-1.48920333E+00-1.26000000E+00-1.26000000E+00
-1.26000000E+00-1.26000000E+00-1.26000000E+00-1.26000000E+00-1.20707164E+00-1.15414327E+00-1.10121491E+00-1.09795857E+00
-1.07586202E+00-1.03079667E+00
        16         0         3         0         1         1
TRIANGLE        FUEL            
        89        90        96        89        96       102        89       102       108        89       108       114
        89       114       120        89       120       126        89       126       132        89       132       138
        89       138       144        89       144       150        89       150       156        89       156       162
        89       162       168        89       168       174        89       174       180        89       180        90
        32         0         4         0         1         1
QUADRILATERAL   FUEL            
        90        91        97        96        96        97       103       102       102       103       109       108
       108       109       115       114       114       115       121       120       120       121       127       126
       126       127       133       132       132       133       139       138       138       139       145       144
       144       145       151       150       150       151       157       156       156       157       163       162
       162       163       169       168       168       169       175       174       174       175       181       180
       180       181        91        90        91        92        98        97        97        98       104       103
       103       104       110       109       109       110       116       115       115       116       122       121
       121       122       128       127       127       128       134       133       133       134       140       139
       139       140       146       145       145       146       152       151       151       152       158       157
       157       158       164       163       163       164       170       169       169       170       176       175
       175       176       182       181       181       182        92        91
        16         0         4         0         1         1
QUADRILATERAL   GAP             
        92        93        99        98        98        99       105       104       104       105       111       110
       110       111       117       116       116       117       123       122       122       123       129       128
       128       129       135       134       134       135       141       140       140       141       147       146
       146       147       153       152       152       153       159       158       158       159       165       164
       164       165       171       170       170       171       177       176       176       177       183       182
       182       183        93        92
        16         0         4         0         1         1
QUADRILATERAL   CLAD            
        93        94       100        99        99       100       106       105       105       106       112       111
       111       112       118       117       117       118       124       123       123       124       130       129
       129       130       136       135       135       136       142       141       141       142       148       147
       147       148       154       153       153       154       160       159       159       160       166       165
       165       166       172       171       171       172       178       177       177       178       184       183
       183       184        94        93
        16         0         4         0         1         1
QUADRILATERAL   MODERATOR       
        94        95       101       100       100       101       107       106       106       107       113       112
       112       113       119       118       118       119       125       124       124       125       131       130
       130       131       137       136       136       137       143       142       142       143       149       148
       148       149       155       154       154       155       161       160       160       161       167       166
       166       167       173       172       172       173       179       178       178       179       185       184
       184       185        95        94
        16         8         4         0         1         1
QUADRILATERAL   MODERATOR       
        95        38        25       101       101        25        21       107       107        21        17       113
       113        17        13       119       119        13        12       125       125        12        11       131
       131        11        10       137       137        10         9       143       143         9        16       149
       149        16        20       155       155        20        24       161       161        24        34       167
       167        34        35       173       173        35        36       179       179        36        37       185
       185        37        38        95
SIDESET_00000001SIDESET_00000001SIDESET_00000002SIDESET_00000002SIDESET_00000003SIDESET_00000003SIDESET_00000004
SIDESET_00000004
         1         2         2         2         3         2         4         2         5         2         6         2
         7         2         8         2
        16         0         3         0         1         1
TRIANGLE        FUEL            
       186       187       193       186       193       199       186       199       205       186       205       211
       186       211       217       186       217       223       186       223       229       186       229       235
       186       235       241       186       241       247       186       247       253       186       253       259
       186       259       265       186       265       271       186       271       277       186       277       187
        32         0         4         0         1         1
QUADRILATERAL   FUEL            
       187       188       194       193       193       194       200       199       199       200       206       205
       205       206       212       211       211       212       218       217       217       218       224       223
       223       224       230       229       229       230       236       235       235       236       242       241
       241       242       248       247       247       248       254       253       253       254       260       259
       259       260       266       265       265       266       272       271       271       272       278       277
       277       278       188       187       188       189       195       194       194       195       201       200
       200       201       207       206       206       207       213       212       212       213       219       218
       218       219       225       224       224       225       231       230       230       231       237       236
       236       237       243       242       242       243       249       248       248       249       255       254
       254       255       261       260       260       261       267       266       266       267       273       272
       272       273       279       278       278       279       189       188
        16         0         4         0         1         1
QUADRILATERAL   GAP             
       189       190       196       195       195       196       202       201       201       202       208       207
       207       208       214       213       213       214       220       219       219       220       226       225
       225       226       232       231       231       232       238       237       237       238       244       243
       243       244       250       249       249       250       256       255       255       256       262       261
       261       262       268       267       267       268       274       273       273       274       280       279
       279       280       190       189
        16         0         4         0         1         1
QUADRILATERAL   CLAD            
       190       191       197       196       196       197       203       202       202       203       209       208
       208       209       215       214       214       215       221       220       220       221       227       226
       226       227       233       232       232       233       239       238       238       239       245       244
       244       245       251       250       250       251       257       256       256       257       263       262
       262       263       269       268       268       269       275       274       274       275       281       280
       280       281       191       190
        16         0         4         0         1         1
QUADRILATERAL   MODERATOR       
       191       192       198       197       197       198       204       203       203       204       210       209
       209       210       216       215       215       216       222       221       221       222       228       227
       227       228       234       233       233       234       240       239       239       240       246       245
       245       246       252       251       251       252       258       257       257       258       264       263
       263       264       270       269       269       270       276       275       275       276       282       281
       281       282       192       191
        16         4         4         0         1         1
QUADRILATERAL   MODERATOR       
       192        63        50       198       198        50        46       204       204        46        42       210
       210        42        38       216       216        38        37       222       222        37        36       228
       228        36        35       234       234        35        34       240       240        34        41       246
       246        41        45       252       252        45        49       258       258        49        59       264
       264        59        60       270       270        60        61       276       276        61        62       282
       282        62        63       192
SIDESET_00000001SIDESET_00000001SIDESET_00000002SIDESET_00000002
         1         2         2         2         3         2         4         2
        16         0         3         0         1         1
TRIANGLE        FUEL            
       283       284       290       283       290       296       283       296       302       283       302       308
       283       308       314       283       314       320       283       320       326       283       326       332
       283       332       338       283       338       344       283       344       350       283       350       356
       283       356       362       283       362       368       283       368       374       283       374       284
        32         0         4         0         1         1
QUADRILATERAL   FUEL            
       284       285       291       290       290       291       297       296       296       297       303       302
       302       303       309       308       308       309       315       314       314       315       321       320
       320       321       327       326       326       327       333       332       332       333       339       338
       338       339       345       344       344       345       351       350       350       351       357       356
       356       357       363       362       362       363       369       368       368       369       375       374
       374       375       285       284       285       286       292       291       291       292       298       297
       297       298       304       303       303       304       310       309       309       310       316       315
       315       316       322       321       321       322       328       327       327       328       334       333
       333       334       340       339       339       340       346       345       345       346       352       351
       351       352       358       357       357       358       364       363       363       364       370       369
       369       370       376       375       375       376       286       285
        16         0         4         0         1         1
QUADRILATERAL   GAP             
       286       287       293       292       292       293       299       298       298       299       305       304
       304       305       311       310       310       311       317       316       316       317       323       322
       322       323       329       328       328       329       335       334       334       335       341       340
       340       341       347       346       346       347       353       352       352       353       359       358
       358       359       365       364       364       365       371       370       370       371       377       376
       376       377       287       286
        16         0         4         0         1         1
QUADRILATERAL   CLAD            
       287       288       294       293       293       294       300       299       299       300       306       305
       305       306       312       311       311       312       318       317       317       318       324       323
       323       324       330       329       329       330       336       335       335       336       342       341
       341       342       348       347       347       348       354       353       353       354       360       359
       359       360       366       365       365       366       372       371       371       372       378       377
       377       378       288       287
        16         0         4         0         1         1
QUADRILATERAL   MODERATOR       
       288       289       295       294       294       295       301       300       300       301       307       306
       306       307       313       312       312       313       319       318       318       319       325       324
       324       325       331       330       330       331       337       336       336       337       343       342
       342       343       349       348       348       349       355       354       354       355       361       360
       360       361       367       366       366       367       373       372       372       373       379       378
       378       379       289       288
        16         8         4         0         1         1
QUADRILATERAL   MODERATOR       
       289        88        75       295       295        75        71       301       301        71        67       307
       307        67        63       313       313        63        62       319       319        62        61       325
       325        61        60       331       331        60        59       337       337        59        66       343
       343        66        70       349       349        70        74       355       355        74        84       361
       361        84        85       367       367        85        86       373       373        86        87       379
       379        87        88       289
SIDESET_00000001SIDESET_00000001SIDESET_00000002SIDESET_00000002SIDESET_00000007SIDESET_00000007SIDESET_00000008
SIDESET_00000008
         1         2         2         2         3         2         4         2        13         2        14         2
        15         2        16         2
        16         0         3         0         1         1
TRIANGLE        FUEL            
       380       381       387       380       387       393       380       393       399       380       399       405
       380       405       411       380       411       417       380       417       423       380       423       429
       380       429       435       380       435       441       380       441       447       380       447       453
       380       453       459       380       459       465       380       465       471       380       471       381
        32         0         4         0         1         1
QUADRILATERAL   FUEL            
       381       382       388       387       387       388       394       393       393       394       400       399
       399       400       406       405       405       406       412       411       411       412       418       417
       417       418       424       423       423       424       430       429       429       430       436       435
       435       436       442       441       441       442       448       447       447       448       454       453
       453       454       460       459       459       460       466       465       465       466       472       471
       471       472       382       381       382       383       389       388       388       389       395       394
       394       395       401       400       400       401       407       406       406       407       413       412
       412       413       419       418       418       419       425       424       424       425       431       430
       430       431       437       436       436       437       443       442       442       443       449       448
       448       449       455       454       454       455       461       460       460       461       467       466
       466       467       473       472       472       473       383       382
        16         0         4         0         1         1
QUADRILATERAL   GAP             
       383       384       390       389       389       390       396       395       395       396       402       401
       401       402       408       407       407       408       414       413       413       414       420       419
       419       420       426       425       425       426       432       431       431       432       438       437
       437       438       444       443       443       444       450       449       449       450       456       455
       455       456       462       461       461       462       468       467       467       468       474       473
       473       474       384       383
        16         0         4         0         1         1
QUADRILATERAL   CLAD            
       384       385       391       390       390       391       397       396       396       397       403       402
       402       403       409       408       408       409       415       414       414       415       421       420
       420       421       427       426       426       427       433       432       432       433       439       438
       438       439       445       444       444       445       451       450       450       451       457       456
       456       457       463       462       462       463       469       468       468       469       475       474
       474       475       385       384
        16         0         4         0         1         1
QUADRILATERAL   MODERATOR       
       385       386       392       391       391       392       398       397       397       398       404       403
       403       404       410       409       409       410       416       415       415       416       422       421
       421       422       428       427       427       428       434       433       433       434       440       439
       439       440       446       445       445       446       452       451       451       452       458       457
       457       458       464       463       463       464       470       469       469       470       476       475
       475       476       386       385
        16         4         4         0         1         1
QUADRILATERAL   MODERATOR       
       386        34        24       392       392        24        20       398       398        20        16       404
       404        16         9       410       410         9         8       416       416         8         7       422
       422         7         6       428       428         6         5       434       434         5        15       440
       440        15        19       446       446        19        23       452       452        23        30       458
       458        30        31       464       464        31        32       470       470        32        33       476
       476        33        34       386
SIDESET_00000003SIDESET_00000003SIDESET_00000004SIDESET_00000004
         5         2         6         2         7         2         8         2
        16         0         3         0         1         1
TRIANGLE        GT_MODERATOR    
       477       478       482       477       482       486       477       486       490       477       490       494
       477       494       498       477       498       502       477       502       506       477       506       510
       477       510       514       477       514       518       477       518       522       477       522       526
       477       526       530       477       530       534       477       534       538       477       538       478
        32         0         4         0         1         1
QUADRILATERAL   GT_MODERATOR    
       478       479       483       482       482       483       487       486       486       487       491       490
       490       491       495       494       494       495       499       498       498       499       503       502
       502       503       507       506       506       507       511       510       510       511       515       514
       514       515       519       518       518       519       523       522       522       523       527       526
       526       527       531       530       530       531       535       534       534       535       539       538
       538       539       479       478       479       480       484       483       483       484       488       487
       487       488       492       491       491       492       496       495       495       496       500       499
       499       500       504       503       503       504       508       507       507       508       512       511
       511       512       516       515       515       516       520       519       519       520       524       523
       523       524       528       527       527       528       532       531       531       532       536       535
       535       536       540       539       539       540       480       479
        16         0         4         0         1         1
QUADRILATERAL   GT_CLAD         
       480       481       485       484       484       485       489       488       488       489       493       492
       492       493       497       496       496       497       501       500       500       501       505       504
       504       505       509       508       508       509       513       512       512       513       517       516
       516       517       521       520       520       521       525       524       524       525       529       528
       528       529       533       532       532       533       537       536       536       537       541       540
       540       541       481       480
        16         0         4         0         1         1
QUADRILATERAL   MODERATOR       
       481        59        49       485       485        49        45       489       489        45        41       493
       493        41        34       497       497        34        33       501       501        33        32       505
       505        32        31       509       509        31        30       513       513        30        40       517
       517        40        44       521       521        44        48       525       525        48        55       529
       529        55        56       533       533        56        57       537       537        57        58       541
       541        58        59       481
        16         0         3         0         1         1
TRIANGLE        FUEL            
       542       543       549       542       549       555       542       555       561       542       561       567
       542       567       573       542       573       579       542       579       585       542       585       591
       542       591       597       542       597       603       542       603       609       542       609       615
       542       615       621       542       621       627       542       627       633       542       633       543
        32         0         4         0         1         1
QUADRILATERAL   FUEL            
       543       544       550       549       549       550       556       555       555       556       562       561
       561       562       568       567       567       568       574       573       573       574       580       579
       579       580       586       585       585       586       592       591       591       592       598       597
       597       598       604       603       603       604       610       609       609       610       616       615
       615       616       622       621       621       622       628       627       627       628       634       633
       633       634       544       543       544       545       551       550       550       551       557       556
       556       557       563       562       562       563       569       568       568       569       575       574
       574       575       581       580       580       581       587       586       586       587       593       592
       592       593       599       598       598       599       605       604       604       605       611       610
       610       611       617       616       616       617       623       622       622       623       629       628
       628       629       635       634       634       635       545       544
        16         0         4         0         1         1
QUADRILATERAL   GAP             
       545       546       552       551       551       552       558       557       557       558       564       563
       563       564       570       569       569       570       576       575       575       576       582       581
       581       582       588       587       587       588       594       593       593       594       600       599
       599       600       606       605       605       606       612       611       611       612       618       617
       617       618       624       623       623       624       630       629       629       630       636       635
       635       636       546       545
        16         0         4         0         1         1
QUADRILATERAL   CLAD            
       546       547       553       552       552       553       559       558       558       559       565       564
       564       565       571       570       570       571       577       576       576       577       583       582
       582       583       589       588       588       589       595       594       594       595       601       600
       600       601       607       606       606       607       613       612       612       613       619       618
       618       619       625       624       624       625       631       630       630       631       637       636
       636       637       547       546
        16         0         4         0         1         1
QUADRILATERAL   MODERATOR       
       547       548       554       553       553       554       560       559       559       560       566       565
       565       566       572       571       571       572       578       577       577       578       584       583
       583       584       590       589       589       590       596       595       595       596       602       601
       601       602       608       607       607       608       614       613       613       614       620       619
       619       620       626       625       625       626       632       631       631       632       638       637
       637       638       548       547
        16         4         4         0         1         1
QUADRILATERAL   MODERATOR       
       548        84        74       554       554        74        70       560       560        70        66       566
       566        66        59       572       572        59        58       578       578        58        57       584
       584        57        56       590       590        56        55       596       596        55        65       602
       602        65        69       608       608        69        73       614       614        73        80       620
       620        80        81       626       626        81        82       632       632        82        83       638
       638        83        84       548
SIDESET_00000007SIDESET_00000007SIDESET_00000008SIDESET_00000008
        13         2        14         2        15         2        16         2
        16         0         3         0         1         1
TRIANGLE        FUEL            
       639       640       646       639       646       652       639       652       658       639       658       664
       639       664       670       639       670       676       639       676       682       639       682       688
       639       688       694       639       694       700       639       700       706       639       706       712
       639       712       718       639       718       724       639       724       730       639       730       640
        32         0         4         0         1         1
QUADRILATERAL   FUEL            
       640       641       647       646       646       647       653       652       652       653       659       658
       658       659       665       664       664       665       671       670       670       671       677       676
       676       677       683       682       682       683       689       688       688       689       695       694
       694       695       701       700       700       701       707       706       706       707       713       712
       712       713       719       718       718       719       725       724       724       725       731       730
       730       731       641       640       641       642       648       647       647       648       654       653
       653       654       660       659       659       660       666       665       665       666       672       671
       671       672       678       677       677       678       684       683       683       684       690       689
       689       690       696       695       695       696       702       701       701       702       708       707
       707       708       714       713       713       714       720       719       719       720       726       725
       725       726       732       731       731       732       642       641
        16         0         4         0         1         1
QUADRILATERAL   GAP             
       642       643       649       648       648       649       655       654       654       655       661       660
       660       661       667       666       666       667       673       672       672       673       679       678
       678       679       685       684       684       685       691       690       690       691       697       696
       696       697       703       702       702       703       709       708       708       709       715       714
       714       715       721       720       720       721       727       726       726       727       733       732
       732       733       643       642
        16         0         4         0         1         1
QUADRILATERAL   CLAD            
       643       644       650       649       649       650       656       655       655       656       662       661
       661       662       668       667       667       668       674       673       673       674       680       679
       679       680       686       685       685       686       692       691       691       692       698       697
       697       698       704       703       703       704       710       709       709       710       716       715
       715       716       722       721       721       722       728       727       727       728       734       733
       733       734       644       643
        16         0         4         0         1         1
QUADRILATERAL   MODERATOR       
       644       645       651       650       650       651       657       656       656       657       663       662
       662       663       669       668       668       669       675       674       674       675       681       680
       680       681       687       686       686       687       693       692       692       693       699       698
       698       699       705       704       704       705       711       710       710       711       717       716
       716       717       723       722       722       723       729       728       728       729       735       734
       734       735       645       644
        16         8         4         0         1         1
QUADRILATERAL   MODERATOR       
       645        30        23       651       651        23        19       657       657        19        15       663
       663        15         5       669       669         5         4       675       675         4         3       681
       681         3         2       687       687         2         1       693       693         1        14       699
       699        14        18       705       705        18        22       711       711        22        26       717
       717        26        27       723       723        27        28       729       729        28        29       735
       735        29        30       645
SIDESET_00000003SIDESET_00000003SIDESET_00000004SIDESET_00000004SIDESET_00000005SIDESET_00000005SIDESET_00000006
SIDESET_00000006
         5         2         6         2         7         2         8         2         9         2        10         2
        11         2        12         2
        16         0         3         0         1         1
TRIANGLE        FUEL            
       736       737       743       736       743       749       736       749       755       736       755       761
       736       761       767       736       767       773       736       773       779       736       779       785
       736       785       791       736       791       797       736       797       803       736       803       809
       736       809       815       736       815       821       736       821       827       736       827       737
        32         0         4         0         1         1
QUADRILATERAL   FUEL            
       737       738       744       743       743       744       750       749       749       750       756       755
       755       756       762       761       761       762       768       767       767       768       774       773
       773       774       780       779       779       780       786       785       785       786       792       791
       791       792       798       797       797       798       804       803       803       804       810       809
       809       810       816       815       815       816       822       821       821       822       828       827
       827       828       738       737       738       739       745       744       744       745       751       750
       750       751       757       756       756       757       763       762       762       763       769       768
       768       769       775       774       774       775       781       780       780       781       787       786
       786       787       793       792       792       793       799       798       798       799       805       804
       804       805       811       810       810       811       817       816       816       817       823       822
       822       823       829       828       828       829       739       738
        16         0         4         0         1         1
QUADRILATERAL   GAP             
       739       740       746       745       745       746       752       751       751       752       758       757
       757       758       764       763       763       764       770       769       769       770       776       775
       775       776       782       781       781       782       788       787       787       788       794       793
       793       794       800       799       799       800       806       805       805       806       812       811
       811       812       818       817       817       818       824       823       823       824       830       829
       829       830       740       739
        16         0         4         0         1         1
QUADRILATERAL   CLAD            
       740       741       747       746       746       747       753       752       752       753       759       758
       758       759       765       764       764       765       771       770       770       771       777       776
       776       777       783       782       782       783       789       788       788       789       795       794
       794       795       801       800       800       801       807       806       806       807       813       812
       812       813       819       818       818       819       825       824       824       825       831       830
       830       831       741       740
        16         0         4         0         1         1
QUADRILATERAL   MODERATOR       
       741       742       748       747       747       748       754       753       753       754       760       759
       759       760       766       765       765       766       772       771       771       772       778       777
       777       778       784       783       783       784       790       789       789       790       796       795
       795       796       802       801       801       802       808       807       807       808       814       813
       813       814       820       819       819       820       826       825       825       826       832       831
       831       832       742       741
        16         4         4         0         1         1
QUADRILATERAL   MODERATOR       
       742        55        48       748       748        48        44       754       754        44        40       760
       760        40        30       766       766        30        29       772       772        29        28       778
       778        28        27       784       784        27        26       790       790        26        39       796
       796        39        43       802       802        43        47       808       808        47        51       814
       814        51        52       820       820        52        53       826       826        53        54       832
       832        54        55       742
SIDESET_00000005SIDESET_00000005SIDESET_00000006SIDESET_00000006
         9         2        10         2        11         2        12         2
        16         0         3         0         1         1
TRIANGLE        FUEL            
       833       834       840       833       840       846       833       846       852       833       852       858
       833       858       864       833       864       870       833       870       876       833       876       882
       833       882       888       833       888       894       833       894       900       833       900       906
       833       906       912       833       912       918       833       918       924       833       924       834
        32         0         4         0         1         1
QUADRILATERAL   FUEL            
       834       835       841       840       840       841       847       846       846       847       853       852
       852       853       859       858       858       859       865       864       864       865       871       870
       870       871       877       876       876       877       883       882       882       883       889       888
       888       889       895       894       894       895       901       900       900       901       907       906
       906       907       913       912       912       913       919       918       918       919       925       924
       924       925       835       834       835       836       842       841       841       842       848       847
       847       848       854       853       853       854       860       859       859       860       866       865
       865       866       872       871       871       872       878       877       877       878       884       883
       883       884       890       889       889       890       896       895       895       896       902       901
       901       902       908       907       907       908       914       913       913       914       920       919
       919       920       926       925       925       926       836       835
        16         0         4         0         1         1
QUADRILATERAL   GAP             
       836       837       843       842       842       843       849       848       848       849       855       854
       854       855       861       860       860       861       867       866       866       867       873       872
       872       873       879       878       878       879       885       884       884       885       891       890
       890       891       897       896       896       897       903       902       902       903       909       908
       908       909       915       914       914       915       921       920       920       921       927       926
       926       927       837       836
        16         0         4         0         1         1
QUADRILATERAL   CLAD            
       837       838       844       843       843       844       850       849       849       850       856       855
       855       856       862       861       861       862       868       867       867       868       874       873
       873       874       880       879       879       880       886       885       885       886       892       891
       891       892       898       897       897       898       904       903       903       904       910       909
       909       910       916       915       915       916       922       921       921       922       928       927
       927       928       838       837
        16         0         4         0         1         1
QUADRILATERAL   MODERATOR       
       838       839       845       844       844       845       851       850       850       851       857       856
       856       857       863       862       862       863       869       868       868       869       875       874
       874       875       881       880       880       881       887       886       886       887       893       892
       892       893       899       898       898       899       905       904       904       905       911       910
       910       911       917       916       916       917       923       922       922       923       929       928
       928       929       839       838
        16         8         4         0         1         1
QUADRILATERAL   MODERATOR       
       839        80        73       845       845        73        69       851       851        69        65       857
       857        65        55       863       863        55        54       869       869        54        53       875
       875        53        52       881       881        52        51       887       887        51        64       893
       893        64        68       899       899        68        72       905       905        72        76       911
       911        76        77       917       917        77        78       923       923        78        79       929
       929        79        80       839
SIDESET_00000005SIDESET_00000005SIDESET_00000006SIDESET_00000006SIDESET_00000007SIDESET_00000007SIDESET_00000008
SIDESET_00000008
         9         2        10         2        11         2        12         2        13         2        14         2
        15         2        16         2
